60.60 12.40 24.30 39.80 6.90 80.80 17.90 74.60 8.70 49.60 43.50
30.60 7.30 7.50 40.30 1.80 16.50 8.40 22.90 0 13.20 13.40
39.90 8.20 9.60 34.30 2.80 26.50 11.00 30.50 0 18.00 19.60
48.40 9.40 13.40 38.30 5.00 39.20 13.90 46.80 0.90 25.00 26.90
52.50 9.90 15.50 37.50 4.50 56.00 14.80 48.00 4.50 30.30 36.80
56.50 12.30 19.60 39.10 6.50 63.30 16.90 60.00 1.40 39.80 36.80
62.70 13.00 23.20 37.50 5.90 76.50 18.20 79.50 3.00 47.60 40.50
66.50 13.80 29.60 38.80 7.20 92.60 20.70 82.80 11.90 49.60 47.70
75.00 15.50 29.90 43.80 9.00 109.80 22.40 94.10 13.40 66.20 55.90
82.70 15.00 40.90 43.60 12.90 121.80 24.00 111.80 3.50 85.70 69.00
91.60 20.10 54.10 43.00 13.30 206.40 28.40 169.70 41.40 121.10 88.90
