58.50 11.90 24.30 39.80 7.10 77.80 17.00 72.00 7.10 38.00 41.70
59.00 11.60 24.40 40.30 7.50 79.40 17.10 73.40 7.70 38.80 42.60
51.90 12.10 23.00 34.30 4.10 62.90 14.70 72.80 2.00 34.20 30.80
55.60 12.30 23.90 38.30 5.90 71.80 16.00 67.40 4.00 35.60 38.70
52.90 11.70 21.70 37.50 7.00 73.90 16.40 72.70 6.70 37.70 37.70
58.50 12.90 23.50 39.10 6.40 77.70 16.60 66.60 6.60 34.50 41.40
56.30 11.20 23.70 37.50 5.50 67.50 16.20 63.50 4.70 32.70 38.00
61.60 11.50 25.30 38.80 8.90 87.50 17.30 75.30 6.10 39.40 47.20
62.40 10.20 27.10 43.80 8.00 75.10 19.30 64.40 15.70 48.00 46.30
64.10 12.10 27.10 43.60 10.00 99.10 18.60 93.50 10.10 42.30 50.50
60.50 11.50 21.40 43.00 8.60 83.60 16.30 77.60 7.20 36.70 41.70
53.50 11.80 21.50 37.70 5.00 69.60 15.80 63.40 1.60 31.50 37.40
55.00 13.20 22.50 39.50 4.90 68.20 16.40 69.40 5.30 33.20 35.10
63.10 16.20 30.90 32.60 6.40 72.70 17.20 53.60 5.60 43.00 40.70
